-995 0
-985 0
-975 0
-965 0
-955 0
-945 0
-935 0
-925 0
-915 0
-905 0
-895 0
-885 0
-875 0
-865 0
-855 0
-845 0
-835 0
-825 0
-815 0
-805 0
-795 0
-785 0
-775 0
-765 0
-755 0
-745 0
-735 0
-725 0
-715 0
-705 0
-695 0
-685 0
-675 0
-665 0
-655 0
-645 0
-635 0
-625 0
-615 0
-605 0
-595 0
-585 0
-575 0
-565 0
-555 0
-545 0
-535 0
-525 0
-515 0
-505 0
-495 0
-485 0
-475 0
-465 0
-455 0
-445 1
-435 0
-425 0
-415 0
-405 0
-395 0
-385 0
-375 0
-365 0
-355 0
-345 0
-335 0
-325 0
-315 0
-305 0
-295 0
-285 0
-275 0
-265 0
-255 0
-245 0
-235 0
-225 0
-215 0
-205 0
-195 0
-185 0
-175 0
-165 0
-155 0
-145 0
-135 0
-125 0
-115 0
-105 0
-95 0
-85 0
-75 0
-65 0
-55 1
-45 0
-35 0
-25 1
-15 0
-5 1
5 2.25165e+06
15 4.28787e+06
25 3.77674e+06
35 3.12465e+06
45 2.47215e+06
55 1.91218e+06
65 1.484e+06
75 1.17088e+06
85 944346
95 781246
105 661086
115 571810
125 505422
135 450161
145 407879
155 370841
165 339640
175 312209
185 289733
195 269288
205 252259
215 237047
225 223956
235 212232
245 203091
255 194007
265 188439
275 182938
285 178381
295 180095
305 194796
315 244136
325 331735
335 427596
345 482292
355 467862
365 410893
375 346551
385 291623
395 249509
405 219510
415 198550
425 182558
435 171773
445 162920
455 157422
465 152178
475 148643
485 146067
495 143078
505 140658
515 138773
525 137215
535 135604
545 134154
555 133275
565 132083
575 130869
585 130107
595 128887
605 128932
615 127009
625 126839
635 126472
645 126684
655 125406
665 125591
675 124348
685 124285
695 124203
705 123015
715 123104
725 122438
735 122722
745 122240
755 121730
765 122448
775 120704
785 121334
795 120749
805 120680
815 119989
825 119451
835 119455
845 118705
855 119564
865 118843
875 119138
885 118845
895 118382
905 119153
915 119113
925 117802
935 118482
945 118470
955 118069
965 118001
975 116996
985 117599
995 117266
